#! FIELDS time p.x p.y sigma_p.x sigma_p.y height biasf
#! SET multivariate false
#! SET kerneltype gaussian
      9.822694957256317   -0.06833638995829006    -0.1320504993174154                    0.1                    0.1                   0.02                      2
      19.64538991451263    -0.2621381878782358      0.176675125956649                    0.1                    0.1    0.01999902323533507                      2
      29.46808487176895     0.1332662701543086     0.2927910089454144                    0.1                    0.1                   0.02                      2
#! FIELDS time p.x p.y sigma_p.x sigma_p.y height biasf
#! SET multivariate false
#! SET kerneltype gaussian
      9.822694957256317     0.1652651429111529    -0.1021891012840115                    0.1                    0.1     0.0195225046550645                      2
      19.64538991451263     0.1730723679003177    0.04460152239005311                    0.1                    0.1    0.01723132965546987                      2
      29.46808487176895   0.009717172005707653   -0.01164928079333549                    0.1                    0.1    0.01494669788425646                      2
      39.29077982902527    -0.1804502159359345    0.02574602328309084                    0.1                    0.1    0.01649918865417918                      2
      49.11347478628159   -0.01649118587465637   -0.02562179975029721                    0.1                    0.1    0.01052694649366438                      2
       58.9361697435379   -0.07513899356581533     0.1360333263846769                    0.1                    0.1    0.01465845658473285                      2
      68.75886470079422   -0.02209496125260557    -0.1415410935834416                    0.1                    0.1    0.01028592433071679                      2
      78.58155965805054   -0.08115841448841365  -0.008264230558552299                    0.1                    0.1   0.007957823418630331                      2
      88.40425461530685    -0.1456242799804386    -0.0785131752536472                    0.1                    0.1   0.009202276870306211                      2
      98.22694957256317    0.04083897546536264   -0.02034270018214102                    0.1                    0.1   0.007034975465787688                      2
      108.0496445298195     0.0533698797227089   0.007066983727099796                    0.1                    0.1   0.006791806600146468                      2
      117.8723394870758   -0.02242873608793161    -0.1331826448449647                    0.1                    0.1   0.006506808634621828                      2
      127.6950344443321      0.176513463259198    0.01766851916329415                    0.1                    0.1   0.009417966055998341                      2
      137.5177294015884     0.1119641959661521     0.2126384675449344                    0.1                    0.1     0.0128191465341228                      2
      147.3404243588448    0.09253327549174628    0.02999433688444242                    0.1                    0.1   0.005990801209416281                      2
      157.1631193161011    0.05676575004542883   -0.02498153597230157                    0.1                    0.1   0.004456156671347699                      2
      166.9858142733574   -0.09173259138606227    -0.1021596342383191                    0.1                    0.1   0.005424463041305327                      2
      176.8085092306137     0.2945390045709928    0.07442021369286067                    0.1                    0.1    0.01449031563275966                      2
        186.63120418787     0.1997980475465511    0.00681571057725705                    0.1                    0.1   0.006654846641012814                      2
      196.4538991451263    0.05629761889736073     0.1281242519581838                    0.1                    0.1   0.007640992680588179                      2
      206.2765941023827    -0.1173021644405026     0.1366304010161912                    0.1                    0.1   0.009153190024585053                      2
       216.099289059639    0.03419947996974315    -0.2757256031031829                    0.1                    0.1    0.01521780670736137                      2
      225.9219840168953   -0.02031860128681728     0.1113988533631982                    0.1                    0.1   0.006089169537781066                      2
      235.7446789741516    0.01223075948075802    -0.1328602880192875                    0.1                    0.1   0.004680577447482869                      2
      245.5673739314079   -0.04413451627272025     0.1146475225652921                    0.1                    0.1    0.00563246468481836                      2
      255.3900688886642  -0.003523892729617728    0.02448397502519128                    0.1                    0.1   0.003190632202297253                      2
      265.2127638459206     0.1344163715799596     0.1735843718080332                    0.1                    0.1   0.007425248422939555                      2
      275.0354588031769    0.01705688238473613     0.2368910312640082                    0.1                    0.1     0.0090231107013351                      2
      284.8581537604332     0.1061163768127926    0.03231821953875169                    0.1                    0.1   0.003481834110709931                      2
      294.6808487176895   -0.05526816099177267   -0.01557545922992176                    0.1                    0.1   0.003009463337848361                      2
      304.5035436749458    0.01567089744014538     0.1720898300447971                    0.1                    0.1   0.005288304555176668                      2
      314.3262386322021    0.03886247426976297    0.01533400453013201                    0.1                    0.1   0.002555140720786691                      2
      324.1489335894585   -0.09783799946205818    -0.1553978622013119                    0.1                    0.1   0.005791651856613698                      2
      333.9716285467148     0.0105320485346283    -0.2430637776882349                    0.1                    0.1   0.008495967848870854                      2
      343.7943235039711    -0.1887457221698696    -0.1119084283658367                    0.1                    0.1   0.008424715337467638                      2
      353.6170184612274     0.1707917749911303   -0.01112113706369655                    0.1                    0.1   0.004321199954760747                      2
      363.4397134184837    0.02420975268080383   0.004414651542106185                    0.1                    0.1   0.002232591968181718                      2
      373.2624083757401    -0.1875915229305747    0.01928650215177186                    0.1                    0.1   0.006385466433343782                      2
      383.0851033329964    -0.2158344984053429    0.08917075395231677                    0.1                    0.1   0.007404626938484791                      2
      392.9077982902527     0.1581571400208759    0.04690772294679846                    0.1                    0.1   0.003612540777082621                      2
       402.730493247509    0.07067346572853239     0.1324805021312159                    0.1                    0.1   0.003608528092320375                      2
      412.5531882047653    0.07745355367205775    0.08422814309483329                    0.1                    0.1   0.002668634972939769                      2
      422.3758831620216    0.07131144404581846   -0.06186239421879236                    0.1                    0.1   0.002605819869092543                      2
       432.198578119278   -0.07894412428299802    -0.2540274560516309                    0.1                    0.1   0.008658361358733048                      2
      442.0212730765343    -0.0175519473799568     0.0836889818316422                    0.1                    0.1   0.002563476201501303                      2
      451.8439680337906    0.03214611858481931    -0.1987188160370579                    0.1                    0.1   0.005029733301684476                      2
      461.6666629910469    -0.1714472621614505    0.08098568022774089                    0.1                    0.1   0.004833769727413614                      2
      471.4893579483032    0.09365746379330631    0.04870164394787935                    0.1                    0.1   0.002193005302332212                      2
      481.3120529055595    -0.1341160684802389     0.1006498560371938                    0.1                    0.1   0.003897941074979086                      2
      491.1347478628159     0.1975260674953461   -0.09603079408293524                    0.1                    0.1   0.006539969484427581                      2
      500.9574428200722    0.06178364156994576    0.05683307722392783                    0.1                    0.1    0.00192767468715572                      2
      510.7801377773285     0.1171342805008635     0.1989319175521587                    0.1                    0.1    0.00490029736947147                      2
      520.6028327345848    0.06350320578007995     0.0112898871265088                    0.1                    0.1   0.001664454213370759                      2
      530.4255276918411     0.1040283218003424    -0.3165938854152728                    0.1                    0.1    0.01251419896061116                      2
      540.2482226490974    -0.1804435551235883    -0.1680926382476855                    0.1                    0.1   0.007599428416382559                      2
      550.0709176063538     0.0431193001588781    0.04718215390653313                    0.1                    0.1   0.001659386596021323                      2
      559.8936125636101   -0.08566339313631488    0.09509029985110828                    0.1                    0.1   0.002765072503354833                      2
      569.7163075208664    0.01863490045650451    0.05227679014296882                    0.1                    0.1   0.001595525681106845                      2
      579.5390024781227    -0.1657162159744985 -0.0007443316292210511                    0.1                    0.1   0.003488570059034746                      2
       589.361697435379    0.04105717688673849    0.05806226656090985                    0.1                    0.1   0.001572390999787944                      2
      599.1843923926353    -0.1305449604984688    0.02985315397552313                    0.1                    0.1   0.002506166668426772                      2
      609.0070873498917   -0.03562273084867229    -0.1397314369739888                    0.1                    0.1   0.002327925933856096                      2
       618.829782307148   -0.04988019168195024   -0.06130448728924875                    0.1                    0.1   0.001576144758819178                      2
      628.6524772644043     0.2387675493906727     0.1269634663998431                    0.1                    0.1   0.006818836917380996                      2
      638.4751722216606    -0.1942577809046497   -0.01538793183897269                    0.1                    0.1   0.004065248330240495                      2
      648.2978671789169    -0.1150141581831576     0.1370653361050245                    0.1                    0.1   0.003530451154887824                      2
      658.1205621361732     0.1062520518928523   0.006461499253873626                    0.1                    0.1   0.001665773996483204                      2
      667.9432570934296      -0.15758582949843     0.2957702279076102                    0.1                    0.1    0.01382767749016295                      2
      677.7659520506859     -0.227248013018766     0.1832439601372471                    0.1                    0.1   0.006798265520589522                      2
      687.5886470079422     0.1501682698688001     -0.141829118135206                    0.1                    0.1   0.005405747197187121                      2
      697.4113419651985   -0.02972222492303445   -0.04413819685566978                    0.1                    0.1   0.001327436422683325                      2
      707.2340369224548     0.2147763520525814    -0.1841606348733649                    0.1                    0.1   0.009682323697524671                      2
      717.0567318797112   -0.03973622247599451     0.1157572567507259                    0.1                    0.1   0.002050884218349742                      2
      726.8794268369675    -0.1240369528545671    0.05410186946619433                    0.1                    0.1   0.001978992305972269                      2
      736.7021217942238   -0.06179517507121091     -0.195519313223258                    0.1                    0.1   0.003363152052417641                      2
      746.5248167514801    -0.1911513656409625   -0.09484598039932735                    0.1                    0.1   0.004409039803623719                      2
      756.3475117087364     0.0126512348685992     0.1577463597044471                    0.1                    0.1   0.002576274972260018                      2
      766.1702066659927    -0.1104623079299927   -0.05360808223997537                    0.1                    0.1   0.001685695690477596                      2
      775.9929016232491     0.1229694113078494    0.06894572824478473                    0.1                    0.1   0.001827767506220755                      2
      785.8155965805054     0.0889730975046632   -0.02844146639802148                    0.1                    0.1   0.001438587649077082                      2
      795.6382915377617     0.2376071661700507     0.0424271821941602                    0.1                    0.1   0.004323010316770272                      2
       805.460986495018    -0.2783132791535081     0.1082677841139912                    0.1                    0.1   0.006964142694802665                      2
      815.2836814522743     0.0411416590253566     0.1714251935425182                    0.1                    0.1   0.002674599399274711                      2
      825.1063764095306    0.06553436070078078    -0.2104811966461284                    0.1                    0.1   0.004111575493706032                      2
       834.929071366787    -0.1186385229203779     0.1272610425928633                    0.1                    0.1   0.002362156377006219                      2
      844.7517663240433    -0.0340495519282058    -0.1751065552184627                    0.1                    0.1   0.002312114481811195                      2
      854.5744612812996   -0.04530195519691915     0.2156924605429822                    0.1                    0.1   0.004284176885811958                      2
      864.3971562385559   -0.03460326045967577  -0.004387633879332498                    0.1                    0.1   0.001052198235693106                      2
      874.2198511958122   -0.07964309304497874    -0.1434078514535031                    0.1                    0.1   0.001963125399424239                      2
      884.0425461530685    -0.1487798988790701     0.1465769559132468                    0.1                    0.1   0.002761656696441863                      2
      893.8652411103249     0.1302594542522684     -0.256527036427201                    0.1                    0.1   0.006895186089254455                      2
      903.6879360675812    -0.1644741743831446     0.1132227629483396                    0.1                    0.1   0.002348600601733038                      2
      913.5106310248375    0.07378187775941569   -0.02695292420185069                    0.1                    0.1   0.001200428027585463                      2
      923.3333259820938   -0.05001634359302898    -0.2417217343975153                    0.1                    0.1   0.004000877061664508                      2
      933.1560209393501    0.02554058097814504     0.2089889347587359                    0.1                    0.1   0.003278659928636637                      2
      942.9787158966064     -0.166234150526634   -0.07802074402718517                    0.1                    0.1   0.002613458948824293                      2
      952.8014108538628   -0.06469178200063652   0.002250096301281701                    0.1                    0.1   0.001041781801635891                      2
      962.6241058111191     0.0606564432388268     0.2022903710638957                    0.1                    0.1   0.002937019607030899                      2
      972.4468007683754    0.01371188648136012    -0.3496980071133748                    0.1                    0.1   0.008897575611637377                      2
      982.2694957256317     -0.279158920051259       -0.3830427527447                    0.1                    0.1    0.01929845509954287                      2
#! FIELDS time p.x p.y sigma_p.x sigma_p.y height biasf
#! SET multivariate false
#! SET kerneltype gaussian
      9.822694957256317   -0.02249504998985685      0.111720487481648                    0.1                    0.1     0.8025686662918001                     20
      19.64538991451263     0.0666404291962408   -0.07865191996359044                    0.1                    0.1     0.6810547573919667                     20
      29.46808487176895     0.3992938697336967     0.4538165628957813                    0.1                    0.1      1.052302712313384                     20
      39.29077982902527    0.09374932199079922    -0.8256192207340973                    0.1                    0.1      1.052631578947368                     20
      49.11347478628159    -0.2224960029195699    -0.4446245729923248                    0.1                    0.1      1.022256936270111                     20
       58.9361697435379    -0.2100144177745733    0.06144902110349904                    0.1                    0.1     0.6769399928066583                     20
      68.75886470079422     0.2376483678858676    -0.1599801480836049                    0.1                    0.1     0.7671501110062089                     20
      78.58155965805054    -0.3018280267781392     0.5124541521013271                    0.1                    0.1      1.051500751840023                     20
      88.40425461530685     0.5030006766304496    -0.3274769186987214                    0.1                    0.1      1.041221059954599                     20
      98.22694957256317     0.5037901997582139    -0.6515808105405085                    0.1                    0.1      1.041592885376153                     20
      108.0496445298195    -0.7278902530600817   -0.05991207062550075                    0.1                    0.1      1.052631578947368                     20
      117.8723394870758    -0.9094321131755123     0.1210110634559669                    0.1                    0.1      0.975340226457334                     20
      127.6950344443321    -0.2152097076191239    -0.2915205359528272                    0.1                    0.1     0.5385832189874471                     20
      137.5177294015884     0.6403977274942463   -0.08657962828806376                    0.1                    0.1      1.008279701131513                     20
      147.3404243588448     0.3754582405122164    -0.9195975661242528                    0.1                    0.1      1.002171655995757                     20
      157.1631193161011    -0.6297359466600483     0.3032293319762402                    0.1                    0.1       1.04510536522326                     20
      166.9858142733574    -0.1534960567965982    -0.5706810355121661                    0.1                    0.1     0.5086615558197251                     20
      176.8085092306137     0.2818542122895451     0.8292109966276939                    0.1                    0.1      1.052631578947368                     20
        186.63120418787    -0.2462368905611356    0.02591602131474247                    0.1                    0.1     0.2591170064851235                     20
      196.4538991451263     0.1804260015489945     0.6102271676127202                    0.1                    0.1      0.892072639410077                     20
      206.2765941023827     0.8683304786671897     0.2713398039304593                    0.1                    0.1      1.052631578947368                     20
       216.099289059639    -0.5218989849140598     0.4613523483243398                    0.1                    0.1     0.6498488435611294                     20
      225.9219840168953    -0.8461311459484477    -0.1922609209970005                    0.1                    0.1     0.6827416878017727                     20
      235.7446789741516    0.07910235225949691     0.5371393561404147                    0.1                    0.1     0.4707219689167934                     20
      245.5673739314079    -0.4901013076334948     -0.169515699141698                    0.1                    0.1     0.9678224698689831                     20
      255.3900688886642     0.5683753490473009    0.03034433721893492                    0.1                    0.1     0.4917041948925221                     20
      265.2127638459206     -0.435983955853203   -0.03561981768029909                    0.1                    0.1     0.4589900801260989                     20
      275.0354588031769   -0.04947337508554028    -0.3550739884445875                    0.1                    0.1     0.5415293921456018                     20
      284.8581537604332     0.1574286520451551    -0.3376921713282854                    0.1                    0.1     0.6734388978217152                     20
      294.6808487176895     0.5370309948915519     0.1705330461305721                    0.1                    0.1     0.7048253363971093                     20
      304.5035436749458    0.06214484945132881     0.1589617133106458                    0.1                    0.1     0.2860748958211038                     20
      314.3262386322021    -0.0627206414947068    -0.1703390628051693                    0.1                    0.1     0.3563385318925495                     20
      324.1489335894585     0.4090284407141098  0.0008927248416057409                    0.1                    0.1     0.5698074742207324                     20
      333.9716285467148   -0.05596307664745837     0.5210500955570296                    0.1                    0.1     0.6179321196716405                     20
      343.7943235039711    -0.3565201759272441     0.7059993147890964                    0.1                    0.1     0.7899182359809067                     20
      353.6170184612274    -0.7516452670159879     0.6668213605820483                    0.1                    0.1      1.041247552581565                     20
      363.4397134184837    -0.4271584153201502     0.1137738376826292                    0.1                    0.1     0.6032247396447622                     20
      373.2624083757401    -0.3163501918379552     0.1120725199541539                    0.1                    0.1     0.1705857907157085                     20
      383.0851033329964    0.01743464171966025     0.9063634276458288                    0.1                    0.1      0.999790369251758                     20
      392.9077982902527   -0.03826957940589182     -1.111016392712827                    0.1                    0.1      1.037472120333409                     20
       402.730493247509    -0.5560836792000146    -0.3442035019389778                    0.1                    0.1     0.7392189927106332                     20
      412.5531882047653    -0.4038605391940564     0.2409191131533817                    0.1                    0.1     0.4230384282227015                     20
      422.3758831620216     0.2253565192233964    -0.4877434670902403                    0.1                    0.1      0.719281105268353                     20
       432.198578119278    0.04708075896076025   -0.03056638502130227                    0.1                    0.1     0.1083082096038804                     20
      442.0212730765343     0.2313777357301205     0.2951010167606682                    0.1                    0.1     0.7855346116850597                     20
      451.8439680337906    0.02823488600256496    -0.4677696228014838                    0.1                    0.1     0.3559088516699694                     20
      461.6666629910469    -0.4238494932593539    -0.7917444109892813                    0.1                    0.1      1.050475764335417                     20
      471.4893579483032     0.4511513709957171     0.5858661532442966                    0.1                    0.1     0.4669364522560614                     20
      481.3120529055595      0.915686130525728    -0.1504246443460033                    0.1                    0.1      1.015444001190642                     20
      491.1347478628159     -0.770576119421662     0.3713273406020789                    0.1                    0.1     0.5284429302548274                     20
      500.9574428200722     0.4139506518896496    -0.3840000629367069                    0.1                    0.1     0.2598386724586153                     20
      510.7801377773285     0.4711164236113063     0.2830419242343396                    0.1                    0.1     0.3556895791841596                     20
      520.6028327345848     0.3185445070243986    -0.6504942774796518                    0.1                    0.1     0.5260104546673501                     20
      530.4255276918411    -0.2148151844778567    -0.7970595955839599                    0.1                    0.1     0.7730804606316786                     20
      540.2482226490974     -0.123998194936803     0.4493132531706578                    0.1                    0.1     0.3246186219351366                     20
      550.0709176063538     0.2443315237741217     0.2047063857304465                    0.1                    0.1     0.2765194256985386                     20
      559.8936125636101    -0.2010356783870293     0.3066539764375875                    0.1                    0.1     0.5367900491857095                     20
      569.7163075208664    -0.1187658533439162      0.267029464239954                    0.1                    0.1     0.2403564470039755                     20
      579.5390024781227   -0.01850139349812707     0.2770653665038481                    0.1                    0.1      0.249556311133343                     20
       589.361697435379     0.0320654436904988     0.3517374396295736                    0.1                    0.1     0.2655486505175827                     20
      599.1843923926353     0.1116307973916264     0.4115040004251114                    0.1                    0.1     0.1959633898070657                     20
      609.0070873498917     0.4476668834740849   -0.08704449982133156                    0.1                    0.1     0.2356455139069077                     20
       618.829782307148     0.1336252987442776      0.101080484682825                    0.1                    0.1     0.1848294357694114                     20
      628.6524772644043     0.3215600252133299     0.1474679112476451                    0.1                    0.1     0.2711299918650446                     20
      638.4751722216606      0.181725025171886    0.03828050196830191                    0.1                    0.1     0.1909065081864626                     20
      648.2978671789169     0.3619304597322071     -0.222137883298501                    0.1                    0.1     0.2441765574861762                     20
      658.1205621361732     0.4542169272951924    -0.1241971552303767                    0.1                    0.1     0.1509900121626301                     20
      667.9432570934296    -0.4738161563864196    -0.4372604787334922                    0.1                    0.1     0.4654475467431358                     20
      677.7659520506859    -0.3237914443019463    -0.1062897294730192                    0.1                    0.1     0.2762278143221334                     20
      687.5886470079422    -0.1592314392269145   -0.07039410620279796                    0.1                    0.1     0.1937999018531456                     20
      697.4113419651985    -0.5813277363841962    -0.5660665631239681                    0.1                    0.1     0.7164958946288259                     20
      707.2340369224548     -0.245967119937518     0.7646803855863027                    0.1                    0.1     0.4708246149789945                     20
      717.0567318797112    0.01027804613329408      0.785398483273525                    0.1                    0.1     0.3307823677100457                     20
      726.8794268369675     0.9099190235133392    -0.5909175276741507                    0.1                    0.1      1.052631578947368                     20
      736.7021217942238   -0.02102810330484317     0.0494493544067609                    0.1                    0.1    0.05634636595837816                     20
      746.5248167514801    -0.4352224469243993    -0.5286275744396107                    0.1                    0.1     0.2709821633066974                     20
      756.3475117087364    0.08914350718214337    -0.7130963802381984                    0.1                    0.1     0.3037695950420104                     20
      766.1702066659927      0.593275725847775    -0.5571177005805339                    0.1                    0.1     0.3832586786248077                     20
      775.9929016232491     0.8053649067818469    -0.2501592636150463                    0.1                    0.1     0.4735992203868603                     20
      785.8155965805054     0.6792683005301114     -0.352777600284071                    0.1                    0.1     0.4646308870739443                     20
      795.6382915377617     0.5841702222824097     0.3094216883141598                    0.1                    0.1     0.3814159561903883                     20
       805.460986495018    -0.2062131762556874     0.2928515970666012                    0.1                    0.1     0.1271080790377969                     20
      815.2836814522743     0.1548745781150274     0.3295611739133619                    0.1                    0.1     0.1109073906409637                     20
      825.1063764095306    0.02312407455917764     0.3276350796284078                    0.1                    0.1     0.1082809327125046                     20
       834.929071366787     0.2243932336511989     0.4212325513321957                    0.1                    0.1     0.1352225894715431                     20
      844.7517663240433   -0.05449857562211946     0.2581883668852925                    0.1                    0.1    0.07279996540242582                     20
      854.5744612812996    -0.3775310218401273     0.4069437384544017                    0.1                    0.1     0.1851053067796501                     20
      864.3971562385559    -0.6868114471387798    0.04685689508221458                    0.1                    0.1     0.2715553998420951                     20
      874.2198511958122    -0.5380517244333305     0.1458919942365355                    0.1                    0.1     0.2322775041810194                     20
      884.0425461530685    -0.6080422401453234    0.09154957533041852                    0.1                    0.1     0.2159976989046103                     20
      893.8652411103249    -0.7258592844010536     0.1684419661813763                    0.1                    0.1     0.2181325643862694                     20
      903.6879360675812     0.3382883369908996    -0.4268994331368958                    0.1                    0.1     0.1980962180332908                     20
      913.5106310248375  -0.006351021113459865     -0.293156117194826                    0.1                    0.1     0.1415386070679706                     20
      923.3333259820938    -0.3564895093433051    -0.2061890959765833                    0.1                    0.1     0.1950026494067414                     20
      933.1560209393501     0.1226485520646747     -0.242192447188927                    0.1                    0.1     0.1138440244592466                     20
      942.9787158966064    -0.3025180399447436     -0.305928826335844                    0.1                    0.1     0.1527321499843581                     20
      952.8014108538628     -0.191137492663529    -0.2030790448230846                    0.1                    0.1     0.1503325007600319                     20
      962.6241058111191    -0.1353186666932515   -0.06733413040649339                    0.1                    0.1     0.1109844516870609                     20
      972.4468007683754    -0.2825923561999844    -0.1954065412235195                    0.1                    0.1     0.1175839935782352                     20
      982.2694957256317    -0.2166216969499146   -0.08077790587890377                    0.1                    0.1    0.09026707244105715                     20
#! FIELDS time p.x p.y sigma_p.x sigma_p.y height biasf
#! SET multivariate false
#! SET kerneltype gaussian
      9.822694957256317   0.003195077184159345    -0.6276956200537143                    0.1                    0.1     0.8263728695899235                    100
      19.64538991451263      1.053312897681735    0.08402248471384155                    0.1                    0.1     0.9885400294601073                    100
      29.46808487176895   -0.02334612234733413       1.15999996661742                    0.1                    0.1     0.9963655321806117                    100
      39.29077982902527    -0.1451911330292432     0.4191876947885476                    0.1                    0.1     0.6267165542790405                    100
      49.11347478628159     0.3474699854848495    -0.4911115765509066                    0.1                    0.1     0.7002076452181317                    100
       58.9361697435379    -0.2201901078251467    -0.5379151701987439                    0.1                    0.1     0.6372096334466042                    100
      68.75886470079422    -0.8674611449208669     -0.477998971945226                    0.1                    0.1      1.001988839827241                    100
      78.58155965805054     0.6896561980198612    -0.8998154997783558                    0.1                    0.1      1.004284128391425                    100
      88.40425461530685      0.509122610097279     0.7578081488617272                    0.1                    0.1     0.9524992198729647                    100
      98.22694957256317    -0.1566604822897943     0.9779747128533245                    0.1                    0.1     0.9038331165566272                    100
      108.0496445298195     -1.221540808671762   -0.07794565706831236                    0.1                    0.1       1.01010101010101                    100
      117.8723394870758    -0.2884562909599708     0.6654090285280745                    0.1                    0.1     0.6441562499315311                    100
      127.6950344443321    -0.4843057990058242     -1.115812063218868                    0.1                    0.1      1.008382748111594                    100
      137.5177294015884     0.1593255698679741      1.019545555109858                    0.1                    0.1     0.8838619044734685                    100
      147.3404243588448     0.1057457327817701    0.09375219792673306                    0.1                    0.1     0.6000885804114439                    100
      157.1631193161011     0.3966122269645211     0.1073428392430742                    0.1                    0.1     0.6802308084360723                    100
      166.9858142733574     -1.169620871550592     0.1117921173516834                    0.1                    0.1     0.9430831109767623                    100
      176.8085092306137    -0.1043026149289972    -0.1077439785035494                    0.1                    0.1     0.6234053768111084                    100
        186.63120418787     0.1515095829915936     -1.149377822869724                    0.1                    0.1     0.9484248627010633                    100
      196.4538991451263      0.545283734794566     0.9439619779527675                    0.1                    0.1      0.944336232666154                    100
      206.2765941023827    -0.2116768509097255    -0.9157289266568114                    0.1                    0.1     0.8457454045684883                    100
       216.099289059639     0.8703715801203771     0.3881139457178051                    0.1                    0.1     0.8271862390331138                    100
      225.9219840168953    -0.4812273085121888      1.081860065454521                    0.1                    0.1      1.009047147813452                    100
      235.7446789741516     0.3148226440004009     0.4837303757625477                    0.1                    0.1     0.6402226960093723                    100
      245.5673739314079     0.1379239559184953    -0.5341091156054745                    0.1                    0.1     0.6563917399510841                    100
      255.3900688886642     0.4739453792552695    -0.1950351595922939                    0.1                    0.1     0.6636537012875399                    100
      265.2127638459206   -0.07649463415759783    -0.8806982636428984                    0.1                    0.1     0.7313700917941726                    100
      275.0354588031769      1.176489830015726  -0.005880326028773197                    0.1                    0.1     0.8923361318195419                    100
      284.8581537604332     -1.154552221294125     0.3801718354168315                    0.1                    0.1      1.000070005609624                    100
      294.6808487176895      1.266215562822026     0.3314277529682386                    0.1                    0.1      1.007851499461942                    100
      304.5035436749458     -1.166407108300405    -0.4534055590568187                    0.1                    0.1      1.005755860835149                    100
      314.3262386322021   -0.01629666984115374     -0.325773388141215                    0.1                    0.1     0.6087503423881444                    100
      324.1489335894585    -0.4079073071494577   -0.06955805420716388                    0.1                    0.1     0.5969886256801518                    100
      333.9716285467148    -0.5394610762579077    -0.3973278999325203                    0.1                    0.1     0.6248492534009451                    100
      343.7943235039711    -0.5461746454216154    -0.9742307066886724                    0.1                    0.1     0.8658900141835196                    100
      353.6170184612274     0.7490474581715034     0.2977486550861386                    0.1                    0.1     0.7194328698902043                    100
      363.4397134184837    -0.6675027012761348     0.8718548417050442                    0.1                    0.1     0.9693575738152705                    100
      373.2624083757401    -0.4475067555915757     0.3753900825955725                    0.1                    0.1     0.6955856730906597                    100
      383.0851033329964       1.09807896613745    -0.4385956823824699                    0.1                    0.1     0.9877348520577278                    100
      392.9077982902527    -0.4882351756094749   -0.02051775344114048                    0.1                    0.1     0.5502127252184973                    100
       402.730493247509    -0.9363340735433212     0.9871199131055164                    0.1                    0.1      1.004860286918398                    100
      412.5531882047653      1.048895120618454      0.655243098734104                    0.1                    0.1      1.008249632989605                    100
      422.3758831620216     0.7307755351035894   -0.03042133897679378                    0.1                    0.1     0.7379737829634572                    100
       432.198578119278    -0.4335247874251991    -0.6375998854650788                    0.1                    0.1     0.7433427445143034                    100
      442.0212730765343     0.3771008551183286     -1.176077246668683                    0.1                    0.1      0.968870802520914                    100
      451.8439680337906    -0.5920988321292953     0.2618257105382327                    0.1                    0.1     0.5735063100481946                    100
      461.6666629910469     0.3900707960156069      1.238920211790173                    0.1                    0.1      1.006506518132061                    100
      471.4893579483032    -0.6041603088391412    -0.4985158741419582                    0.1                    0.1     0.5996007889937784                    100
      481.3120529055595     0.2178573459445943  -0.007109589873266486                    0.1                    0.1     0.6251489943177009                    100
      491.1347478628159     0.8613363504395011     -0.294118165967916                    0.1                    0.1     0.7483774934932963                    100
      500.9574428200722    0.09655044972589621      1.259802341465388                    0.1                    0.1     0.8825902470647865                    100
      510.7801377773285      1.027815818787303     0.4209048152006289                    0.1                    0.1     0.8545325224745263                    100
      520.6028327345848     -1.354224085801548     0.2417894452833025                    0.1                    0.1      0.961119997688974                    100
      530.4255276918411     0.8030720949108172    -0.3307580947904398                    0.1                    0.1      0.614863243486351                    100
      540.2482226490974   -0.05133030936121941     0.7991197705337072                    0.1                    0.1      0.708642387982597                    100
      550.0709176063538     0.6619311571114395     0.8193811774219739                    0.1                    0.1     0.8426808384598092                    100
      559.8936125636101    -0.2542686462447818    -0.6513686776230543                    0.1                    0.1     0.6328377228873467                    100
      569.7163075208664     0.3237714469435105    0.07879408448729919                    0.1                    0.1     0.5187906593447934                    100
      579.5390024781227     0.2543613016570134    -0.7452809810644112                    0.1                    0.1     0.7525996638905382                    100
       589.361697435379     0.9353939294811653    -0.7196954488790652                    0.1                    0.1     0.8515281352310593                    100
      599.1843923926353     0.7924911975862869     0.6111639142005743                    0.1                    0.1     0.9538637972291291                    100
      609.0070873498917     0.8051818609260408     0.9109863042766619                    0.1                    0.1     0.9189494350434639                    100
       618.829782307148    -0.5395681858004764      1.263053297989813                    0.1                    0.1     0.9477007742568926                    100
      628.6524772644043    -0.8571109771793317    0.08874761313393265                    0.1                    0.1       0.66304289930102                    100
      638.4751722216606     -0.805594980718638    -0.4624798297925281                    0.1                    0.1     0.6935214623252473                    100
      648.2978671789169     -0.367264270778378      1.350983381271931                    0.1                    0.1     0.9494748664679992                    100
      658.1205621361732    -0.8148646950729699     -1.019987702363778                    0.1                    0.1      1.000843847186361                    100
      667.9432570934296     -1.035776615140094    -0.8343205451950553                    0.1                    0.1      1.004038397857039                    100
      677.7659520506859    -0.9635875225058044    -0.4223228990980488                    0.1                    0.1     0.7214208107823576                    100
      687.5886470079422      1.142483472818867     0.2011085152560099                    0.1                    0.1     0.7718236042308043                    100
      697.4113419651985    -0.7154645919769109    0.08218484371980139                    0.1                    0.1     0.5783600627664062                    100
      707.2340369224548     0.6811386942899844     0.6318504810280956                    0.1                    0.1     0.7419868579039811                    100
      717.0567318797112     0.5913743972740804    -0.5962426662478038                    0.1                    0.1     0.6829620930792458                    100
      726.8794268369675     0.8627492189390296      -1.05436861514363                    0.1                    0.1     0.9829550444969039                    100
      736.7021217942238      1.257111787793974   -0.06840722262779764                    0.1                    0.1     0.8069293999731343                    100
      746.5248167514801     0.3035082519033949    -0.7917875051504097                    0.1                    0.1     0.6087321843559582                    100
      756.3475117087364     0.6685795188019483     0.3464930653507281                    0.1                    0.1     0.6728593729181214                    100
      766.1702066659927    -0.8135229349193196    -0.1905460804749737                    0.1                    0.1     0.6825668390889849                    100
      775.9929016232491    -0.6569921970367432     -0.120778061443616                    0.1                    0.1     0.5793139855449299                    100
      785.8155965805054    -0.1978671699731649    -0.2676262259484474                    0.1                    0.1     0.5430348081520497                    100
      795.6382915377617     0.5343349576065748     0.6009234786006346                    0.1                    0.1     0.6647017711980586                    100
       805.460986495018     0.1774059534085382    -0.2350186407511501                    0.1                    0.1     0.5909189666971068                    100
      815.2836814522743    -0.6326999068306804     0.5217663049705834                    0.1                    0.1     0.7759023136098784                    100
      825.1063764095306     -0.466391652821585       0.84093999862489                    0.1                    0.1     0.8623198518594887                    100
       834.929071366787     0.4729645252297132     0.4157641828044234                    0.1                    0.1     0.5705435076655033                    100
      844.7517663240433   -0.07729954272406303     0.6435968279845383                    0.1                    0.1     0.7028143726375535                    100
      854.5744612812996   -0.03244808688407375     0.4276088476160567                    0.1                    0.1     0.5309897883214693                    100
      864.3971562385559    -0.3312769234184998      1.164896607392052                    0.1                    0.1      0.832066858839708                    100
      874.2198511958122    -0.4038379490367561      0.158063977963252                    0.1                    0.1     0.5640264633611802                    100
      884.0425461530685  -0.004696205252230357    -0.4490273892940877                    0.1                    0.1     0.5214700907834295                    100
      893.8652411103249     0.5657447576510322    -0.9201272726073739                    0.1                    0.1     0.7823708467380595                    100
      903.6879360675812    -0.7523823976498534    -0.9250834584264567                    0.1                    0.1     0.7905454802843511                    100
      913.5106310248375      -0.66298729181824     0.9802660346025505                    0.1                    0.1     0.7593068621160645                    100
      923.3333259820938     0.6420294642452973      1.353657126429653                    0.1                    0.1      1.001619446324373                    100
      933.1560209393501     -1.129112720491321    -0.1647143810998841                    0.1                    0.1     0.8294894215511527                    100
      942.9787158966064     0.7234608530950482    -0.5442259907653124                    0.1                    0.1     0.7495114631052214                    100
      952.8014108538628    -0.4872345924411547     0.5002888441083542                    0.1                    0.1     0.5642173511674409                    100
      962.6241058111191   -0.04518111050799689     -1.502872109412579                    0.1                    0.1       1.01010101010101                    100
      972.4468007683754      0.577986717217982    -0.1149803996156606                    0.1                    0.1     0.5119646987025902                    100
      982.2694957256317    -0.7751610279029819    -0.7547560930305508                    0.1                    0.1     0.9045876366774126                    100
