#! FIELDS p.x metad.bias der_p.x
#! SET min_p.x -5.0
#! SET max_p.x 5.0
#! SET nbins_p.x  501
#! SET periodic_p.x false
   -5.000000000    0.000000000    0.000000000
   -4.980000000    0.000000000    0.000000000
   -4.960000000    0.000000000    0.000000000
   -4.940000000    0.000000000    0.000000000
   -4.920000000    0.000000000    0.000000000
   -4.900000000    0.000000000    0.000000000
   -4.880000000    0.000000000    0.000000000
   -4.860000000    0.000000000    0.000000000
   -4.840000000    0.000000000    0.000000000
   -4.820000000    0.000000000    0.000000000
   -4.800000000    0.000000000    0.000000000
   -4.780000000    0.000000000    0.000000000
   -4.760000000    0.000000000    0.000000000
   -4.740000000    0.000000000    0.000000000
   -4.720000000    0.000000000    0.000000000
   -4.700000000    0.000000000    0.000000000
   -4.680000000    0.000000000    0.000000000
   -4.660000000    0.000000000    0.000000000
   -4.640000000    0.000000000    0.000000000
   -4.620000000    0.000000000    0.000000000
   -4.600000000    0.000000000    0.000000000
   -4.580000000    0.000000000    0.000000000
   -4.560000000    0.000000000    0.000000000
   -4.540000000    0.000000000    0.000000000
   -4.520000000    0.000000000    0.000000000
   -4.500000000    0.000000000    0.000000000
   -4.480000000    0.000000000    0.000000000
   -4.460000000    0.000000000    0.000000000
   -4.440000000    0.000000000    0.000000000
   -4.420000000    0.000000000    0.000000000
   -4.400000000    0.000000000    0.000000000
   -4.380000000    0.000000000    0.000000000
   -4.360000000    0.000000000    0.000000000
   -4.340000000    0.000000000    0.000000000
   -4.320000000    0.000000000    0.000000000
   -4.300000000    0.000000000    0.000000000
   -4.280000000    0.000000000    0.000000000
   -4.260000000    0.000000000    0.000000000
   -4.240000000    0.000000000    0.000000000
   -4.220000000    0.000000000    0.000000000
   -4.200000000    0.000000000    0.000000000
   -4.180000000    0.000000000    0.000000000
   -4.160000000    0.000000000    0.000000000
   -4.140000000    0.000000000    0.000000000
   -4.120000000    0.000000000    0.000000000
   -4.100000000    0.000000000    0.000000000
   -4.080000000    0.000000000    0.000000000
   -4.060000000    0.000000000    0.000000000
   -4.040000000    0.000000000    0.000000000
   -4.020000000    0.000000000    0.000000000
   -4.000000000    0.000000000    0.000000000
   -3.980000000    0.000000000    0.000000000
   -3.960000000    0.000000000    0.000000000
   -3.940000000    0.000000000    0.000000000
   -3.920000000    0.000000000    0.000000000
   -3.900000000    0.000000000    0.000000000
   -3.880000000    0.000000000    0.000000000
   -3.860000000    0.000000000    0.000000000
   -3.840000000    0.000000000    0.000000000
   -3.820000000    0.000000000    0.000000000
   -3.800000000    0.000000000    0.000000000
   -3.780000000    0.000000000    0.000000000
   -3.760000000    0.000000000    0.000000000
   -3.740000000    0.000000000    0.000000000
   -3.720000000    0.000000000    0.000000000
   -3.700000000    0.000000000    0.000000000
   -3.680000000    0.000000000    0.000000000
   -3.660000000    0.000000000    0.000000000
   -3.640000000    0.000000000    0.000000000
   -3.620000000    0.000000000    0.000000000
   -3.600000000    0.000000000    0.000000000
   -3.580000000    0.000000000    0.000000000
   -3.560000000    0.000000000    0.000000000
   -3.540000000    0.000000000    0.000000000
   -3.520000000    0.000000000    0.000000000
   -3.500000000    0.000000000    0.000000000
   -3.480000000    0.000000000    0.000000000
   -3.460000000    0.000000000    0.000000000
   -3.440000000    0.000000000    0.000000000
   -3.420000000    0.000000000    0.000000000
   -3.400000000    0.000000000    0.000000000
   -3.380000000    0.000000000    0.000000000
   -3.360000000    0.000000000    0.000000000
   -3.340000000    0.000000000    0.000000000
   -3.320000000    0.000000000    0.000000000
   -3.300000000    0.000000000    0.000000000
   -3.280000000    0.000000000    0.000000000
   -3.260000000    0.000000000    0.000000000
   -3.240000000    0.000000000    0.000000000
   -3.220000000    0.000000000    0.000000000
   -3.200000000    0.000000000    0.000000000
   -3.180000000    0.000000000    0.000000000
   -3.160000000    0.000000000    0.000000000
   -3.140000000    0.000000000    0.000000000
   -3.120000000    0.000000000    0.000000000
   -3.100000000    0.000000000    0.000000000
   -3.080000000    0.000000000    0.000000000
   -3.060000000    0.000000000    0.000000000
   -3.040000000    0.000000000    0.000000000
   -3.020000000    0.000000000    0.000000000
   -3.000000000    0.000000000    0.000000000
   -2.980000000    0.000000000    0.000000000
   -2.960000000    0.000000000    0.000000000
   -2.940000000    0.000000000    0.000000000
   -2.920000000    0.000000000    0.000000000
   -2.900000000    0.000000000    0.000000000
   -2.880000000    0.000000000    0.000000000
   -2.860000000    0.000000000    0.000000000
   -2.840000000    0.000000000    0.000000000
   -2.820000000    0.000000000    0.000000000
   -2.800000000    0.000000000    0.000000000
   -2.780000000    0.000000000    0.000000000
   -2.760000000    0.000000000    0.000000000
   -2.740000000    0.000000000    0.000000000
   -2.720000000    0.000000000    0.000000000
   -2.700000000    0.000000000    0.000000000
   -2.680000000    0.000000000    0.000000000
   -2.660000000    0.000000000    0.000000000
   -2.640000000    0.000000000    0.000000000
   -2.620000000    0.000000000    0.000000000
   -2.600000000    0.000000000    0.000000000
   -2.580000000    0.000000000    0.000000000
   -2.560000000    0.000000000    0.000000000
   -2.540000000    0.000000000    0.000000000
   -2.520000000    0.000000000    0.000000000
   -2.500000000    0.000000000    0.000000000
   -2.480000000    0.000000000    0.000000000
   -2.460000000    0.000000000    0.000000000
   -2.440000000    0.000000000    0.000000000
   -2.420000000    0.000000000    0.000000000
   -2.400000000    0.000000000    0.000000000
   -2.380000000    0.000000000    0.000000000
   -2.360000000    0.000000000    0.000000000
   -2.340000000    0.000000000    0.000000000
   -2.320000000    0.000000000    0.000000000
   -2.300000000    0.000000000    0.000000000
   -2.280000000    0.000000000    0.000000000
   -2.260000000    0.000000000    0.000000000
   -2.240000000    0.000000000    0.000000000
   -2.220000000    0.000000000    0.000000000
   -2.200000000    0.000000000    0.000000000
   -2.180000000    0.000000000    0.000000000
   -2.160000000    0.000000000    0.000000000
   -2.140000000    0.000000000    0.000000000
   -2.120000000    0.000000000    0.000000000
   -2.100000000    0.000000000    0.000000000
   -2.080000000    0.000000000    0.000000000
   -2.060000000    0.000000000    0.000000000
   -2.040000000    0.000000000    0.000000000
   -2.020000000    0.000000000    0.000000000
   -2.000000000    0.000000000    0.000000000
   -1.980000000    0.000000000    0.000000000
   -1.960000000    0.000000000    0.000000000
   -1.940000000    0.000000000    0.000000000
   -1.920000000    0.000000000    0.000000000
   -1.900000000    0.000000000    0.000000000
   -1.880000000    0.000000000    0.000000000
   -1.860000000    0.000000000    0.000000000
   -1.840000000    0.000000000    0.000000000
   -1.820000000    0.000000000    0.000000000
   -1.800000000    0.000000000    0.000000000
   -1.780000000    0.000000000    0.000000000
   -1.760000000    0.000000000    0.000000000
   -1.740000000    0.000000000    0.000000000
   -1.720000000    0.000000000    0.000000000
   -1.700000000    0.000000000    0.000000000
   -1.680000000    0.000000000    0.000000000
   -1.660000000    0.000000000    0.000000000
   -1.640000000    0.000000000    0.000000000
   -1.620000000    0.000000000    0.000000000
   -1.600000000    0.000000000    0.000000000
   -1.580000000    0.000000000    0.000000000
   -1.560000000    0.000000000    0.000000000
   -1.540000000    0.000000000    0.000000000
   -1.520000000    0.000000000    0.000000000
   -1.500000000    0.000000000    0.000000000
   -1.480000000    0.000000000    0.000000000
   -1.460000000    0.000000000    0.000000000
   -1.440000000    0.000000000    0.000000000
   -1.420000000    0.000000000    0.000000000
   -1.400000000    0.000000000    0.000000000
   -1.380000000    0.000000000    0.000000000
   -1.360000000    0.000000000    0.000000000
   -1.340000000    0.000000000    0.000000000
   -1.320000000    0.000000000    0.000000000
   -1.300000000    0.000000000    0.000000000
   -1.280000000    0.000000000    0.000000000
   -1.260000000    0.000000000    0.000000000
   -1.240000000    0.000000000    0.000000000
   -1.220000000    0.000000000    0.000000000
   -1.200000000    0.000000000    0.000000000
   -1.180000000    0.000000000    0.000000000
   -1.160000000    0.000000000    0.000000000
   -1.140000000    0.000000000    0.000000000
   -1.120000000    0.000000000    0.000000000
   -1.100000000    0.000000000    0.000000000
   -1.080000000    0.000000000    0.000000000
   -1.060000000    0.000000000    0.000000000
   -1.040000000    0.000000000    0.000000000
   -1.020000000    0.000000000    0.000000000
   -1.000000000    0.000000000    0.000000000
   -0.980000000    0.000000000    0.000000000
   -0.960000000    0.000000000    0.000000000
   -0.940000000    0.000000000    0.000000000
   -0.920000000    0.000000000    0.000000000
   -0.900000000    0.000000000    0.000000000
   -0.880000000    0.000000000    0.000000000
   -0.860000000    0.000000000    0.000000000
   -0.840000000    0.000000000    0.000000000
   -0.820000000    0.000000000    0.000000000
   -0.800000000    0.000000000    0.000000000
   -0.780000000    0.000000000    0.000000000
   -0.760000000    0.000000000    0.000000000
   -0.740000000    0.000000000    0.000000000
   -0.720000000    0.000015945    0.000543281
   -0.700000000    0.000030895    0.000990883
   -0.680000000    0.000084379    0.002671563
   -0.660000000    0.000155967    0.004643343
   -0.640000000    0.000277605    0.007740997
   -0.620000000    0.000475830    0.012372338
   -0.600000000    0.000785470    0.018946288
   -0.580000000    0.001255473    0.028007499
   -0.560000000    0.001956499    0.040444679
   -0.540000000    0.002921354    0.055416932
   -0.520000000    0.004201432    0.072514603
   -0.500000000    0.005851345    0.091447747
   -0.480000000    0.007911945    0.111736747
   -0.460000000    0.010339167    0.130567747
   -0.440000000    0.013143201    0.148050966
   -0.420000000    0.016257437    0.162611683
   -0.400000000    0.019644862    0.174654671
   -0.380000000    0.023259837    0.184758542
   -0.360000000    0.027041981    0.192926099
   -0.340000000    0.031002116    0.201093346
   -0.320000000    0.035126003    0.209385172
   -0.300000000    0.039398302    0.217045173
   -0.280000000    0.043829435    0.223888229
   -0.260000000    0.048366751    0.227822358
   -0.240000000    0.052952190    0.227687072
   -0.220000000    0.057461512    0.221515128
   -0.200000000    0.061793048    0.209649442
   -0.180000000    0.065824266    0.192592586
   -0.160000000    0.069481878    0.172515098
   -0.140000000    0.072741390    0.152171877
   -0.120000000    0.075590721    0.132855809
   -0.100000000    0.078079285    0.115977636
   -0.080000000    0.080269653    0.101766205
   -0.060000000    0.082185449    0.088397858
   -0.040000000    0.083817384    0.073446026
   -0.020000000    0.085103918    0.054855800
    0.000000000    0.085961864    0.029913606
    0.020000000    0.086259282   -0.001150322
    0.040000000    0.085868299   -0.036737615
    0.060000000    0.084746287   -0.075584085
    0.080000000    0.082851747   -0.113406397
    0.100000000    0.080239511   -0.146834564
    0.120000000    0.077020092   -0.173131768
    0.140000000    0.073345975   -0.191179133
    0.160000000    0.069391877   -0.202186689
    0.180000000    0.065273420   -0.207702014
    0.200000000    0.061073122   -0.210644146
    0.220000000    0.056816159   -0.213797639
    0.240000000    0.052478367   -0.218931119
    0.260000000    0.048014012   -0.226416996
    0.280000000    0.043392806   -0.235328988
    0.300000000    0.038597506   -0.242882389
    0.320000000    0.033684245   -0.246658117
    0.340000000    0.028750392   -0.244254427
    0.360000000    0.023937946   -0.234513222
    0.380000000    0.019395855   -0.217283971
    0.400000000    0.015262722   -0.193713820
    0.420000000    0.011646550   -0.165974305
    0.440000000    0.008598976   -0.136259747
    0.460000000    0.006135371   -0.107169611
    0.480000000    0.004244368   -0.081399695
    0.500000000    0.002836234   -0.059320946
    0.520000000    0.001830285   -0.041508856
    0.540000000    0.001142078   -0.027963746
    0.560000000    0.000680381   -0.017825479
    0.580000000    0.000389806   -0.010880035
    0.600000000    0.000214140   -0.006345651
    0.620000000    0.000102226   -0.003163640
    0.640000000    0.000042726   -0.001371586
    0.660000000    0.000015676   -0.000521749
    0.680000000    0.000007897   -0.000278631
    0.700000000    0.000000000    0.000000000
    0.720000000    0.000000000    0.000000000
    0.740000000    0.000000000    0.000000000
    0.760000000    0.000000000    0.000000000
    0.780000000    0.000000000    0.000000000
    0.800000000    0.000000000    0.000000000
    0.820000000    0.000000000    0.000000000
    0.840000000    0.000000000    0.000000000
    0.860000000    0.000000000    0.000000000
    0.880000000    0.000000000    0.000000000
    0.900000000    0.000000000    0.000000000
    0.920000000    0.000000000    0.000000000
    0.940000000    0.000000000    0.000000000
    0.960000000    0.000000000    0.000000000
    0.980000000    0.000000000    0.000000000
    1.000000000    0.000000000    0.000000000
    1.020000000    0.000000000    0.000000000
    1.040000000    0.000000000    0.000000000
    1.060000000    0.000000000    0.000000000
    1.080000000    0.000000000    0.000000000
    1.100000000    0.000000000    0.000000000
    1.120000000    0.000000000    0.000000000
    1.140000000    0.000000000    0.000000000
    1.160000000    0.000000000    0.000000000
    1.180000000    0.000000000    0.000000000
    1.200000000    0.000000000    0.000000000
    1.220000000    0.000000000    0.000000000
    1.240000000    0.000000000    0.000000000
    1.260000000    0.000000000    0.000000000
    1.280000000    0.000000000    0.000000000
    1.300000000    0.000000000    0.000000000
    1.320000000    0.000000000    0.000000000
    1.340000000    0.000000000    0.000000000
    1.360000000    0.000000000    0.000000000
    1.380000000    0.000000000    0.000000000
    1.400000000    0.000000000    0.000000000
    1.420000000    0.000000000    0.000000000
    1.440000000    0.000000000    0.000000000
    1.460000000    0.000000000    0.000000000
    1.480000000    0.000000000    0.000000000
    1.500000000    0.000000000    0.000000000
    1.520000000    0.000000000    0.000000000
    1.540000000    0.000000000    0.000000000
    1.560000000    0.000000000    0.000000000
    1.580000000    0.000000000    0.000000000
    1.600000000    0.000000000    0.000000000
    1.620000000    0.000000000    0.000000000
    1.640000000    0.000000000    0.000000000
    1.660000000    0.000000000    0.000000000
    1.680000000    0.000000000    0.000000000
    1.700000000    0.000000000    0.000000000
    1.720000000    0.000000000    0.000000000
    1.740000000    0.000000000    0.000000000
    1.760000000    0.000000000    0.000000000
    1.780000000    0.000000000    0.000000000
    1.800000000    0.000000000    0.000000000
    1.820000000    0.000000000    0.000000000
    1.840000000    0.000000000    0.000000000
    1.860000000    0.000000000    0.000000000
    1.880000000    0.000000000    0.000000000
    1.900000000    0.000000000    0.000000000
    1.920000000    0.000000000    0.000000000
    1.940000000    0.000000000    0.000000000
    1.960000000    0.000000000    0.000000000
    1.980000000    0.000000000    0.000000000
    2.000000000    0.000000000    0.000000000
    2.020000000    0.000000000    0.000000000
    2.040000000    0.000000000    0.000000000
    2.060000000    0.000000000    0.000000000
    2.080000000    0.000000000    0.000000000
    2.100000000    0.000000000    0.000000000
    2.120000000    0.000000000    0.000000000
    2.140000000    0.000000000    0.000000000
    2.160000000    0.000000000    0.000000000
    2.180000000    0.000000000    0.000000000
    2.200000000    0.000000000    0.000000000
    2.220000000    0.000000000    0.000000000
    2.240000000    0.000000000    0.000000000
    2.260000000    0.000000000    0.000000000
    2.280000000    0.000000000    0.000000000
    2.300000000    0.000000000    0.000000000
    2.320000000    0.000000000    0.000000000
    2.340000000    0.000000000    0.000000000
    2.360000000    0.000000000    0.000000000
    2.380000000    0.000000000    0.000000000
    2.400000000    0.000000000    0.000000000
    2.420000000    0.000000000    0.000000000
    2.440000000    0.000000000    0.000000000
    2.460000000    0.000000000    0.000000000
    2.480000000    0.000000000    0.000000000
    2.500000000    0.000000000    0.000000000
    2.520000000    0.000000000    0.000000000
    2.540000000    0.000000000    0.000000000
    2.560000000    0.000000000    0.000000000
    2.580000000    0.000000000    0.000000000
    2.600000000    0.000000000    0.000000000
    2.620000000    0.000000000    0.000000000
    2.640000000    0.000000000    0.000000000
    2.660000000    0.000000000    0.000000000
    2.680000000    0.000000000    0.000000000
    2.700000000    0.000000000    0.000000000
    2.720000000    0.000000000    0.000000000
    2.740000000    0.000000000    0.000000000
    2.760000000    0.000000000    0.000000000
    2.780000000    0.000000000    0.000000000
    2.800000000    0.000000000    0.000000000
    2.820000000    0.000000000    0.000000000
    2.840000000    0.000000000    0.000000000
    2.860000000    0.000000000    0.000000000
    2.880000000    0.000000000    0.000000000
    2.900000000    0.000000000    0.000000000
    2.920000000    0.000000000    0.000000000
    2.940000000    0.000000000    0.000000000
    2.960000000    0.000000000    0.000000000
    2.980000000    0.000000000    0.000000000
    3.000000000    0.000000000    0.000000000
    3.020000000    0.000000000    0.000000000
    3.040000000    0.000000000    0.000000000
    3.060000000    0.000000000    0.000000000
    3.080000000    0.000000000    0.000000000
    3.100000000    0.000000000    0.000000000
    3.120000000    0.000000000    0.000000000
    3.140000000    0.000000000    0.000000000
    3.160000000    0.000000000    0.000000000
    3.180000000    0.000000000    0.000000000
    3.200000000    0.000000000    0.000000000
    3.220000000    0.000000000    0.000000000
    3.240000000    0.000000000    0.000000000
    3.260000000    0.000000000    0.000000000
    3.280000000    0.000000000    0.000000000
    3.300000000    0.000000000    0.000000000
    3.320000000    0.000000000    0.000000000
    3.340000000    0.000000000    0.000000000
    3.360000000    0.000000000    0.000000000
    3.380000000    0.000000000    0.000000000
    3.400000000    0.000000000    0.000000000
    3.420000000    0.000000000    0.000000000
    3.440000000    0.000000000    0.000000000
    3.460000000    0.000000000    0.000000000
    3.480000000    0.000000000    0.000000000
    3.500000000    0.000000000    0.000000000
    3.520000000    0.000000000    0.000000000
    3.540000000    0.000000000    0.000000000
    3.560000000    0.000000000    0.000000000
    3.580000000    0.000000000    0.000000000
    3.600000000    0.000000000    0.000000000
    3.620000000    0.000000000    0.000000000
    3.640000000    0.000000000    0.000000000
    3.660000000    0.000000000    0.000000000
    3.680000000    0.000000000    0.000000000
    3.700000000    0.000000000    0.000000000
    3.720000000    0.000000000    0.000000000
    3.740000000    0.000000000    0.000000000
    3.760000000    0.000000000    0.000000000
    3.780000000    0.000000000    0.000000000
    3.800000000    0.000000000    0.000000000
    3.820000000    0.000000000    0.000000000
    3.840000000    0.000000000    0.000000000
    3.860000000    0.000000000    0.000000000
    3.880000000    0.000000000    0.000000000
    3.900000000    0.000000000    0.000000000
    3.920000000    0.000000000    0.000000000
    3.940000000    0.000000000    0.000000000
    3.960000000    0.000000000    0.000000000
    3.980000000    0.000000000    0.000000000
    4.000000000    0.000000000    0.000000000
    4.020000000    0.000000000    0.000000000
    4.040000000    0.000000000    0.000000000
    4.060000000    0.000000000    0.000000000
    4.080000000    0.000000000    0.000000000
    4.100000000    0.000000000    0.000000000
    4.120000000    0.000000000    0.000000000
    4.140000000    0.000000000    0.000000000
    4.160000000    0.000000000    0.000000000
    4.180000000    0.000000000    0.000000000
    4.200000000    0.000000000    0.000000000
    4.220000000    0.000000000    0.000000000
    4.240000000    0.000000000    0.000000000
    4.260000000    0.000000000    0.000000000
    4.280000000    0.000000000    0.000000000
    4.300000000    0.000000000    0.000000000
    4.320000000    0.000000000    0.000000000
    4.340000000    0.000000000    0.000000000
    4.360000000    0.000000000    0.000000000
    4.380000000    0.000000000    0.000000000
    4.400000000    0.000000000    0.000000000
    4.420000000    0.000000000    0.000000000
    4.440000000    0.000000000    0.000000000
    4.460000000    0.000000000    0.000000000
    4.480000000    0.000000000    0.000000000
    4.500000000    0.000000000    0.000000000
    4.520000000    0.000000000    0.000000000
    4.540000000    0.000000000    0.000000000
    4.560000000    0.000000000    0.000000000
    4.580000000    0.000000000    0.000000000
    4.600000000    0.000000000    0.000000000
    4.620000000    0.000000000    0.000000000
    4.640000000    0.000000000    0.000000000
    4.660000000    0.000000000    0.000000000
    4.680000000    0.000000000    0.000000000
    4.700000000    0.000000000    0.000000000
    4.720000000    0.000000000    0.000000000
    4.740000000    0.000000000    0.000000000
    4.760000000    0.000000000    0.000000000
    4.780000000    0.000000000    0.000000000
    4.800000000    0.000000000    0.000000000
    4.820000000    0.000000000    0.000000000
    4.840000000    0.000000000    0.000000000
    4.860000000    0.000000000    0.000000000
    4.880000000    0.000000000    0.000000000
    4.900000000    0.000000000    0.000000000
    4.920000000    0.000000000    0.000000000
    4.940000000    0.000000000    0.000000000
    4.960000000    0.000000000    0.000000000
    4.980000000    0.000000000    0.000000000
    5.000000000    0.000000000    0.000000000
